Dist0eva: 0.817135
Dist1eva: 0.419725
Dist2eva: 0.437561
Dist3eva: 0.747218
Dist4eva: 0.394519
Dist5eva: 0.697825
Dist6eva: 1.116722
Dist7eva: 1.169315
Dist8eva: 0.555639
Dist9eva: 0.381417
Dist10eva: 0.372848
Dist11eva: 0.630929
Dist12eva: 0.369879
Dist13eva: 0.931096
Dist14eva: 0.426746
Dist15eva: 0.424364
Dist16eva: 0.479176
Dist17eva: 0.397380
Dist18eva: 0.549234
Dist19eva: 0.691233
Dist20eva: 0.553955
Dist21eva: 0.878735
Dist22eva: 1.003268
Dist23eva: 0.851842
Dist24eva: 0.496957
Dist25eva: 0.750456
Dist26eva: 0.877407
Dist27eva: 0.801134
Dist28eva: 0.605621
Dist29eva: 0.460569
Dist30eva: 0.503395
Dist31eva: 0.419182
Dist32eva: 0.362627
Dist33eva: 0.428148
Dist34eva: 0.420410
Dist35eva: 0.302338
Dist36eva: 1.065830
Dist37eva: 0.564749
Dist38eva: 0.464872
Dist39eva: 0.446864
Dist40eva: 0.368252
Dist41eva: 0.657826
Dist42eva: 0.368478
Dist43eva: 0.461112
Dist44eva: 0.430160
Dist45eva: 0.904457
Dist46eva: 0.517201
Dist47eva: 0.914196
Dist48eva: 0.360932
Dist49eva: 0.403038
Dist50eva: 1.019945
Dist51eva: 0.457778
Dist52eva: 0.476068
Dist53eva: 0.432251
Dist54eva: 0.468706
Dist55eva: 0.399200
Dist56eva: 0.459923
Dist57eva: 0.411229
Dist58eva: 0.438697
Dist59eva: 0.489063
Dist60eva: 0.460039
Dist61eva: 0.580303
Dist62eva: 0.479275
Dist63eva: 0.408662
Dist64eva: 0.489723
Dist65eva: 0.450751